.Random.seed <-
c(10403L, 12L, 1735014678L, 2048598976L, -155488381L, 1785945505L, 
759890320L, 861391470L, 1126460441L, 386789547L, -1814096742L, 
-81386404L, 902799711L, 1642152757L, -1448655156L, 1526191138L, 
-1270536579L, 624982903L, 1637692574L, 1290138456L, 2121447099L, 
-280700839L, -172504088L, 135122454L, -523382383L, 1854603843L, 
1540391250L, 677348L, 1023147047L, -646756227L, -1915972236L, 
100129114L, -1023815771L, 362344383L, -697506746L, 2109915856L, 
1679265011L, 1083877905L, 877849664L, 888389662L, -1127260439L, 
-792962021L, -1908018134L, -605075636L, -150012657L, 1116463173L, 
1011517948L, -551466926L, -1326911027L, 971854727L, -321423762L, 
1402779208L, -1244688309L, -779617879L, -1764346632L, -53002202L, 
120148289L, -63082797L, -1316858238L, 1561943220L, -1030118345L, 
630834989L, 1665647684L, 1078880618L, -1376942635L, 1723016047L, 
87931510L, -1603879520L, -2014303645L, -1815577855L, 1366471280L, 
280686094L, 560260729L, -242085365L, -1447408838L, -988106180L, 
-474943105L, -1869915435L, 840645356L, -1353855934L, -1691556963L, 
-1234699753L, 1565245310L, 1659735352L, -1611421157L, -1177472135L, 
-27867704L, 1129626102L, 1531702321L, -344494493L, 1816752690L, 
1899970436L, -1906782777L, -385416035L, -715537388L, 792322746L, 
-918363387L, 1422285023L, -1443413658L, 1432470768L, 2091356179L, 
1593071025L, -1845432224L, -1980850690L, 1885866377L, -1264329029L, 
-579200374L, -542161556L, -1533173009L, -1803846363L, 2101472220L, 
-2049349198L, -986904403L, -163235737L, -429158514L, -907044760L, 
-1207204757L, 369020425L, -356855656L, -327418938L, -622481631L, 
737344435L, 1369977634L, 1323025684L, -1273674345L, -58663539L, 
-1769767772L, 1793089162L, 1356453109L, 293317455L, -296594346L, 
-464185600L, -4509117L, 1524877793L, -966800048L, 1646437294L, 
-404094631L, 699129707L, -502722854L, 85000092L, 877929375L, 
1505790453L, -1943982964L, 1603761506L, -1253455555L, 1961238967L, 
-1900493218L, -419704936L, 480411387L, -15796583L, 2065129256L, 
904664534L, -1874437551L, 614617347L, 839896210L, -687275484L, 
995818727L, 1204384061L, 1722508724L, -1017701862L, -69541531L, 
-1935396865L, 1711916678L, -1482588656L, -1513306957L, -161169583L, 
-748621056L, 1978059230L, 1002082857L, 2075001307L, 1494658794L, 
-297935732L, 1161118671L, 938032005L, 165083196L, 678820114L, 
-196858355L, 1796005191L, -2076133586L, 1179716232L, 16137099L, 
300702569L, -987622088L, 1121892326L, -51196031L, -1282709741L, 
-1147129662L, -2120365196L, 1839593335L, -1916137363L, -795676924L, 
1204137514L, 1308197781L, -1260451793L, -747077322L, 1278288224L, 
1031454627L, 669911233L, -302761808L, 2142390222L, 1167776569L, 
1021293387L, 268003578L, -105369092L, -186805697L, 787445525L, 
-852360148L, 32898306L, 1561302493L, -1312168745L, -1806086210L, 
-376444424L, -673690149L, -1082989511L, 1076200840L, -861793994L, 
1435052913L, 238815651L, -100567822L, -868898748L, -184431865L, 
232671965L, 413586388L, 626381562L, 1837745733L, 2072452767L, 
1741087782L, -1322266448L, -2072213165L, -1248725280L, 1417694332L, 
156424912L, 1064651170L, -861496280L, 1399641868L, -149267012L, 
1841207090L, 257040064L, -902660044L, -762315064L, 1647806650L, 
910799504L, 647290604L, 15174228L, 1961381522L, -591311584L, 
593839564L, -1366180128L, -840883006L, 1172659240L, 272671660L, 
730345148L, 1247926258L, -1874843088L, 956171172L, -1078387272L, 
-1114595494L, 1732468880L, 585510780L, 855209236L, 1543412034L, 
2087810304L, 1643704764L, -4418224L, 381428002L, -797420984L, 
1227723788L, 1286066780L, -1859119662L, 831655424L, -646071980L, 
716373224L, 543271162L, -1051800880L, -1516798164L, 366580980L, 
2046700946L, 1053278560L, 837406732L, 1488943328L, -388577694L, 
1237770408L, -1830836L, -1514723460L, -1702613710L, 1176776304L, 
391595844L, 141990872L, 612001658L, -2003983312L, 453715900L, 
515099220L, 1957947458L, -602540384L, -1554419012L, 2017583056L, 
-477634206L, -1669158168L, 55250124L, -1684784644L, -345943566L, 
1133045888L, -1896243724L, 77212296L, -56490182L, -1077423792L, 
-44470164L, 108221844L, -575134638L, -628067872L, 166420684L, 
980347552L, -1468388990L, 1442852072L, 776680172L, -2060457668L, 
-965958542L, -405442960L, 726697508L, 1188345912L, -1552808678L, 
505176272L, 182459708L, 1901805460L, 486829954L, 340590528L, 
486114876L, -2001536624L, 549000226L, 449624328L, -1127263092L, 
-438590692L, -1193834350L, 868268416L, -1478591468L, 1369116456L, 
-811895238L, -1705958960L, -143396500L, 1226315700L, -1571000814L, 
1195381728L, -472984116L, 1514386656L, 1820409890L, 540698408L, 
-1077549556L, 392561468L, 1265406962L, -1698346256L, 555674180L, 
1585448536L, -245160134L, 1636418544L, 723277500L, -1566427884L, 
650973378L, 389921888L, -1350919812L, 192866256L, 1510492450L, 
1840545448L, 1748544396L, 260476092L, 137387826L, 878899776L, 
750380212L, -1599122360L, 1301993914L, 1738329616L, 1026865388L, 
1885907284L, 1227736850L, 1779656096L, -1874113844L, -1025587616L, 
-611029054L, -1594981592L, 1062673836L, 383979836L, 191844210L, 
-1153867472L, -1850507484L, -1157802696L, 112589530L, -266463344L, 
-1014992132L, 1735065492L, -1353811902L, -2577152L, -1102001092L, 
34053456L, -393025374L, 1875281736L, 1684035340L, -551683364L, 
1348125522L, -478698880L, -1731524524L, -42820632L, 1779242746L, 
-480728752L, 1448715052L, 1226569588L, 521098130L, 1051145824L, 
468819852L, -271449248L, 1025796066L, 1608265640L, 958201036L, 
644558332L, -55014478L, 1586571760L, -802788924L, -375819944L, 
-851401350L, 1724281264L, 1314754492L, -1628655532L, -390724670L, 
735487008L, 838569148L, -1752208816L, 1121439714L, 1903736424L, 
1604438604L, -1479835396L, 2144579570L, -66011904L, -1803659404L, 
206053384L, 1210504634L, 2069077456L, 1988477932L, -754622572L, 
-167400494L, 1626503008L, -934111924L, 347536672L, -1364814974L, 
-1847694616L, -1428294420L, -193938884L, 929225586L, 930982512L, 
-1258223580L, 933246776L, 1099185306L, -216583472L, 1010819260L, 
-2074302828L, 1320797826L, -760750912L, -2054598340L, 1107419280L, 
-217040717L, -1774742572L, 1765674722L, -1268543625L, -1999957311L, 
-1602084282L, -1499886204L, -51465419L, 201634079L, 268572792L, 
-1005288106L, -1067959325L, 1719375269L, -1799325630L, 1018476080L, 
-1459843495L, -448133173L, -936503236L, -1911658902L, 1113652383L, 
1799130409L, -331187778L, 806967468L, -1884675L, -596122297L, 
-867721680L, -1128233138L, 1957542779L, 791993565L, -1555026678L, 
8935464L, -740332399L, 669718659L, -1488184956L, -326965326L, 
-938612473L, -2082649263L, -1498318122L, 389858228L, 1153874885L, 
1548049167L, 2042292616L, 1399385254L, -811066285L, -351281739L, 
120263442L, 238305504L, -1514322615L, 293566331L, -425373108L, 
1299274714L, 1623740879L, 2146830233L, 788217774L, -1467415364L, 
1709178157L, 1263202007L, -331335904L, 2021965950L, -518912437L, 
-1097720755L, -297696646L, 2141551288L, -89591711L, -1084599789L, 
1283930164L, 2004203074L, 90808919L, -960753247L, -1253830042L, 
-521399708L, 392184213L, 1159690943L, 1543332440L, 1372444278L, 
702990979L, -960311611L, 790109154L, 1676285520L, 591438713L, 
-1128740693L, -1984700388L, 2111319882L, 1243727679L, 233847177L, 
-755267170L, -578207668L, 48515613L, -459397209L, -1917240624L, 
1741999214L, 501297947L, 2053024893L, -379125142L, 299381512L, 
-1187128399L, 371297315L, -1315281628L, -934788654L, -2049752537L, 
487246961L, 1721488054L, -212025772L, 573055717L, 539221743L, 
1579137576L, 1658474118L, 198617267L, -2417131L, 2060210290L, 
1029283008L, 55660841L, 1944536987L, 1191542892L, 340161658L, 
-260768337L, 1385774265L, 1389029070L, 1766917148L, -1226213491L, 
-572775945L, -1664658176L, 911205214L, 172631083L, 526727981L, 
-682137702L, -1543473832L, -222758719L, 344090483L, 799493268L, 
541309218L, -1612077001L, 1014774017L, -1046615034L, 129329732L, 
-897948811L, 1986275039L, -1185807816L, -747730410L, -1133134301L, 
960543205L, -2069592062L, 683278960L, -291330023L, 1930682891L, 
1522051324L, -1799760598L, 1028909919L, -231195927L, -1854070274L, 
